Fp1,Fp2,C3,C4,Pz,O1,O2,Fz,Accelerometer X,Accelerometer Y,Accelerometer Z,Gyroscope X,Gyroscope Y,Gyroscope Z,Battery Level,Counter,Validation Indicator,Timestamp,Markers
272809.65625,-82101.09375,36066.15234,5287.61816,-39954.19141,-22901.33008,210645.17188,-76170.54688,0.55811,0.69189,0.45312,0.00000,0.00000,0.00000,73.33334,1.00000,1.00000,1745564803.17064,0.00000
6454.73730,689.32782,2112.59766,333.04102,-87.08240,-529.46814,-632.73322,-59.99208,0.57520,0.69971,0.45068,0.00000,0.00000,0.00000,73.33334,2.00000,1.00000,1745564803.17283,0.00000
419.40814,0.00000,0.00000,0.00000,0.00000,0.00000,-59.36624,-361.38303,0.58203,0.70215,0.44995,0.00000,0.00000,0.00000,73.33334,3.00000,1.00000,1745564803.18155,0.00000
0.00000,-34.51110,0.00000,0.00000,-3.03984,0.00000,-90.56927,-3727.73462,0.58228,0.70239,0.45020,0.00000,0.00000,0.00000,73.33334,4.00000,1.00000,1745564803.18402,0.00000
0.00000,-752.89618,-1.78814,0.00000,-614.58362,0.00000,-970.42340,-8002.10352,0.58252,0.70239,0.44946,0.00000,0.00000,0.00000,73.33334,5.00000,1.00000,1745564803.18651,0.00000
0.00000,-1723.05139,-356.91266,-39.24966,-2449.57251,0.00000,-1958.54932,-9780.58691,0.58057,0.70020,0.45044,0.03052,-1.12915,-5.40161,73.33334,6.00000,1.00000,1745564803.19542,0.00000
0.00000,-1654.02917,-1497.20935,-693.88757,-2527.80371,0.00000,-1952.82727,-13659.33008,0.58057,0.69946,0.44556,-1.00708,1.73950,0.12207,73.33334,7.00000,1.00000,1745564803.19836,0.00000
0.00000,-1441.59814,-1570.16541,-1703.38184,-2003.87866,0.00000,-1688.98730,-13207.11035,0.57959,0.69873,0.44751,-1.37329,2.59399,1.46484,73.33334,8.00000,1.00000,1745564803.19838,0.00000
-97.09599,-1269.66858,-1277.89404,-1545.93616,-1587.06335,112.92102,-1430.15405,-2263.06958,0.58032,0.69849,0.44385,-1.55640,2.92969,2.07520,73.33334,9.00000,1.00000,1745564803.20401,0.00000
-270.18790,-321.14987,-217.34837,-311.58334,-198.21529,-201.16571,-232.01112,-215.91786,0.58057,0.69995,0.44653,-1.61743,3.08228,2.25830,73.33334,19.00000,1.00000,1745564803.24279,0.00000
-228.61365,-249.98192,-203.31148,-234.51451,-198.21529,-219.22592,-192.22501,-204.11613,0.58105,0.70093,0.44482,-1.67847,3.05176,2.38037,73.33334,20.00000,1.00000,1745564803.25154,0.00000
-215.56023,-225.12679,-197.58943,-219.04710,-187.30763,-208.58649,-186.05592,-199.55638,0.57910,0.70020,0.44653,-1.80054,2.99072,2.34985,73.33334,21.00000,1.00000,1745564803.25588,0.00000
-207.33479,-216.81194,-192.22501,-212.43098,-180.78091,-202.23859,-181.13855,-193.92374,0.57959,0.69873,0.44604,-1.61743,2.99072,2.34985,73.33334,22.00000,1.00000,1745564803.25591,0.00000
-201.79156,-209.92760,-187.21822,-206.70894,-176.48938,-197.14240,-176.31056,-188.73814,0.57959,0.70068,0.44727,-1.58691,3.08228,2.16675,73.33334,23.00000,1.00000,1745564803.26238,0.00000
-197.32121,-203.57970,-182.92668,-201.61275,-172.73428,-192.40382,-172.46606,-184.26779,0.58105,0.69873,0.44604,-1.64795,2.99072,2.31934,73.33334,24.00000,1.00000,1745564803.26242,0.00000
-117.12315,-122.12994,-115.06679,-125.70621,-108.62949,-119.89476,-108.45067,-114.79857,0.58179,0.70215,0.45068,-1.70898,3.08228,2.31934,73.33334,170.00000,1.00000,1745564803.84468,0.00000
87225.53906,87155.53906,87524.87500,87466.49219,87503.95312,87560.72656,87521.65625,87642.89062,0.58154,0.69971,0.44897,-1.61743,3.02124,2.25830,73.33334,1029.00000,1.00000,1745564807.27088,0.00000
120471.35156,120392.67188,120753.33594,120704.42969,120749.13281,120816.36719,120750.47656,120888.88281,0.58130,0.69995,0.45020,-1.67847,3.11279,2.22778,73.33334,1674.00000,1.00000,1745564809.84655,0.00000
132356.67188,132272.17188,132631.95312,132585.09375,132632.04688,132702.14062,132626.85938,132771.51562,0.57861,0.70020,0.45239,-1.67847,3.05176,2.31934,73.33334,1994.00000,1.00000,1745564811.12408,0.00000
453387.18750,185701.34375,111350.04688,-44280.05859,-110264.64844,505971.46875,67145.71875,-67106.19531,0.55713,0.68823,0.45337,0.00000,0.00000,0.00000,73.33334,1.00000,1.00000,1745564819.12168,0.00000
24675.96875,2925.66479,29448.96094,-1629.71045,-13135.22656,51431.99219,334.56091,6795.02002,0.57251,0.69531,0.44995,0.00000,0.00000,0.00000,73.33334,2.00000,1.00000,1745564819.13591,0.00000
0.00000,0.00000,0.00000,0.00000,0.00000,0.00000,0.00000,-4.11272,0.57861,0.69800,0.45044,0.00000,0.00000,0.00000,73.33334,3.00000,1.00000,1745564819.13593,0.00000
0.00000,-10.37121,0.00000,0.00000,0.00000,0.00000,-32.27592,-705.06348,0.58228,0.69946,0.45093,0.00000,0.00000,0.00000,73.33334,4.00000,1.00000,1745564819.13842,0.00000
0.00000,-467.41971,0.00000,0.00000,-56.68402,0.00000,-655.88965,-2927.89990,0.58228,0.69824,0.45166,0.00000,0.00000,0.00000,73.33334,5.00000,1.00000,1745564819.13845,0.00000
0.00000,-1515.35889,-159.23384,-11.89113,-1217.63367,0.00000,-1837.40283,-4011.87012,0.58105,0.69775,0.44995,4.15039,-2.89917,-0.09155,73.33334,6.00000,1.00000,1745564819.14031,0.00000
0.00000,-1662.70166,-1273.78125,-420.30222,-2240.00244,0.00000,-2117.33618,-7231.59424,0.58081,0.69824,0.45117,-0.06104,1.31226,1.55640,73.33334,7.00000,1.00000,1745564819.14907,0.00000
0.00000,-1452.68469,-1668.33423,-1582.14600,-1827.65747,0.00000,-1828.90918,-13740.24414,0.58154,0.69849,0.44800,-1.00708,2.44141,1.95312,73.33334,8.00000,1.00000,1745564819.15346,0.00000
-83.41672,-1251.51892,-1352.72766,-1571.41711,-1422.64392,34.06406,-1528.68054,-4116.38672,0.58081,0.70117,0.44702,-1.37329,2.89917,2.13623,73.33334,9.00000,1.00000,1745564819.15352,0.00000
-985.44379,-1045.61462,-1072.79443,-1210.48108,-1083.25500,-192.67204,-1249.19434,-870.01935,0.58105,0.69922,0.44727,-1.58691,3.02124,2.22778,73.33334,10.00000,1.00000,1745564819.15533,0.00000
-891.56641,-836.58112,-845.70062,-899.79187,-775.69495,-661.34344,-1024.78284,-655.44257,0.58032,0.70142,0.44922,-1.70898,3.11279,2.31934,73.33334,11.00000,1.00000,1745564819.16732,0.00000
-643.64087,-665.54559,-696.03333,-675.82739,-566.12500,-451.86288,-906.31860,-441.75989,0.58032,0.70044,0.44629,-1.73950,3.14331,2.25830,73.33334,12.00000,1.00000,1745564819.16734,0.00000
-593.39417,-573.90344,-629.60394,-546.00842,-459.46249,-260.53195,-900.23889,-257.84973,0.58130,0.70142,0.44800,-1.73950,3.14331,2.25830,73.33334,13.00000,1.00000,1745564819.16905,0.00000
-151.63425,-155.56815,-145.01813,-157.71391,-136.88210,-152.08128,-136.61386,-145.46516,0.58130,0.70093,0.44702,-1.64795,3.05176,2.25830,73.33334,39.00000,1.00000,1745564819.27233,0.00000
-117.21255,-121.95113,-114.97738,-124.90155,-108.71889,-119.98417,-108.62949,-114.70916,0.58032,0.70093,0.44800,-1.73950,3.02124,2.31934,73.33334,169.00000,1.00000,1745564819.79030,0.00000
-117.21255,-121.86172,-114.70916,-124.72274,-108.62949,-119.98417,-108.54008,-114.79857,0.58057,0.69971,0.44946,-1.70898,3.08228,2.19727,73.33334,170.00000,1.00000,1745564819.79910,0.00000
-117.03374,-121.77231,-114.79857,-124.90155,-108.62949,-119.80536,-108.36126,-114.88797,0.58179,0.69873,0.45068,-1.70898,3.08228,2.25830,73.33334,171.00000,1.00000,1745564819.80234,0.00000
-117.30196,-121.86172,-114.97738,-125.08037,-108.62949,-119.89476,-108.36126,-114.70916,0.58154,0.69971,0.44995,-1.73950,3.02124,2.25830,73.33334,172.00000,1.00000,1745564819.80238,0.00000
65636.17188,65570.45312,65947.12500,65875.78125,65915.65625,65965.18750,65942.74219,66050.21094,0.57959,0.70044,0.45093,-1.80054,3.08228,2.22778,73.33334,722.00000,1.00000,1745564822.00156,0.00000
98356.89062,98283.84375,98650.77344,98595.42969,98635.92969,98696.45312,98648.00000,98774.60156,0.58154,0.70093,0.45020,-1.73950,3.08228,2.22778,73.33334,1202.00000,1.00000,1745564823.91471,0.00000
98942.85938,98869.46094,99236.38281,99181.21875,99221.89844,99282.60938,99233.70312,99360.39062,0.58008,0.70044,0.44727,-1.58691,3.11279,2.22778,73.33334,1203.00000,1.00000,1745564823.91658,0.00000
98456.31250,98383.26562,98750.28125,98694.67188,98735.61719,98796.41406,98747.86719,98874.01562,0.58057,0.70020,0.44751,-1.64795,3.05176,2.28882,73.33334,1204.00000,1.00000,1745564823.92035,0.00000
253465.67188,-17663.68945,-76314.75781,-30517.55273,-41814.92969,41301.19922,153652.25000,-68129.64062,0.55591,0.68896,0.45117,0.00000,0.00000,0.00000,73.33334,1.00000,1.00000,1745564944.76825,0.00000
5744.57764,1673.69873,790.98358,544.13092,-153.33298,7302.76221,-310.06342,1737.71411,0.57275,0.69580,0.44849,0.00000,0.00000,0.00000,73.33334,2.00000,1.00000,1745564944.77072,0.00000
264.73407,0.00000,0.00000,0.00000,0.00000,0.00000,-76.35356,-775.78436,0.57666,0.69873,0.44775,0.00000,0.00000,0.00000,73.33334,3.00000,1.00000,1745564944.77326,0.00000
0.00000,-39.60729,0.00000,0.00000,-0.08941,0.00000,-46.58104,-7618.01123,0.57935,0.69849,0.44897,0.00000,0.00000,0.00000,73.33334,4.00000,1.00000,1745564944.78074,0.00000
0.00000,-761.38983,-3.12924,-0.08941,-271.70782,0.00000,-596.16577,-12586.53613,0.58081,0.69873,0.45020,0.00000,0.00000,0.00000,73.33334,5.00000,1.00000,1745564944.78321,0.00000
0.00000,-1666.00964,-389.90384,-53.91241,-1928.77686,0.00000,-1476.46692,-11616.82812,0.58008,0.69995,0.44824,4.36401,-3.02124,-5.24902,73.33334,6.00000,1.00000,1745564944.78571,0.00000
0.00000,-1588.49390,-1438.11133,-838.63751,-2394.22949,0.00000,-1694.44116,-12201.45996,0.58057,0.69995,0.44751,0.15259,1.25122,0.06104,73.33334,7.00000,1.00000,1745564944.79211,0.00000
0.00000,-1390.18921,-1488.53687,-1764.62561,-1927.43567,0.00000,-1506.50769,-10769.25000,0.57935,0.69922,0.44800,-1.00708,2.41089,1.43433,73.33334,8.00000,1.00000,1745564944.79633,0.00000
-549.31653,-1221.20996,-1219.24304,-1543.70093,-1527.69714,-13.50045,-1285.22534,-2341.83716,0.58008,0.69897,0.44727,-1.37329,2.83813,1.83105,73.33334,9.00000,1.00000,1745564944.79636,0.00000
-2389.22290,-1043.73706,-969.35052,-1216.11377,-1205.47437,-484.94348,-1040.25024,-870.10876,0.58105,0.69873,0.44775,-1.55640,2.99072,2.13623,73.33334,10.00000,1.00000,1745564944.79823,0.00000
-171.03555,-173.53896,-160.84315,-175.59531,-151.09779,-168.26395,-151.18721,-161.20079,0.58057,0.70264,0.44434,-1.73950,3.20435,2.28882,73.33334,31.00000,1.00000,1745564944.89075,0.00000
-168.44275,-170.76733,-158.33977,-172.64488,-149.13084,-165.76054,-149.13084,-158.87621,0.58081,0.70142,0.44409,-1.73950,3.14331,2.25830,73.33334,32.00000,1.00000,1745564944.89380,0.00000
-165.58173,-167.99571,-155.83636,-170.05208,-147.25330,-163.52538,-146.98508,-156.46222,0.58179,0.69800,0.44312,-1.73950,3.14331,2.25830,73.33334,33.00000,1.00000,1745564944.89382,0.00000
-162.98892,-165.84995,-153.95882,-167.63809,-145.01813,-161.55841,-145.10753,-154.31645,0.57910,0.69873,0.44727,-1.67847,3.11279,2.34985,73.33334,34.00000,1.00000,1745564944.89572,0.00000
-123.47104,-128.65665,-120.87824,-131.87531,-114.35153,-126.42147,-113.90450,-120.87824,0.58057,0.70044,0.44580,-1.67847,3.11279,2.28882,73.33334,75.00000,1.00000,1745564945.06255,0.00000
-123.20282,-128.47783,-120.52061,-131.96471,-113.90450,-126.15325,-113.90450,-120.69942,0.57935,0.70044,0.44751,-1.70898,3.14331,2.34985,73.33334,76.00000,1.00000,1745564945.06446,0.00000
3658.80200,3597.73706,3969.93823,3883.03467,3892.06470,3922.55249,3927.91699,4004.98584,0.58081,0.69824,0.44580,-1.80054,3.08228,2.25830,73.33334,221.00000,1.00000,1745564945.64595,0.00000
3812.93945,3752.14282,4124.34424,4037.26172,4046.91772,4077.04785,4083.12744,4159.39160,0.58057,0.69995,0.44629,-1.67847,3.17383,2.31934,73.33334,222.00000,1.00000,1745564945.64826,0.00000
3050.02979,2990.57422,3361.79199,3274.26245,3280.34229,3313.69092,3315.65796,3396.03491,0.58130,0.70020,0.44751,-1.61743,3.11279,2.22778,73.33334,223.00000,1.00000,1745564945.65081,0.00000
90077.71094,90006.36719,90375.53125,90317.77344,90356.84375,90414.68750,90373.74219,90495.06250,0.57739,0.69922,0.44653,-1.70898,3.23486,2.34985,73.33334,1058.00000,1.00000,1745564948.98448,0.00000
89956.29688,89885.03906,90253.84375,90196.08594,90235.51562,90293.09375,90252.14844,90373.38281,0.57788,0.69897,0.44849,-1.83105,3.11279,2.28882,73.33334,1059.00000,1.00000,1745564948.98826,0.00000
180051.79688,179943.53125,180306.87500,180263.15625,180325.12500,180403.89062,180295.89062,180455.03125,0.57983,0.69995,0.44702,-1.67847,3.05176,2.16675,73.33334,3565.00000,1.00000,1745564958.98950,0.00000
179737.00000,179629.00000,179992.26562,179948.62500,180010.59375,180089.17188,179981.34375,180140.14062,0.57959,0.69946,0.44775,-1.70898,3.02124,2.16675,73.33334,3566.00000,1.00000,1745564958.99453,0.00000
